22701532
23985120
23994056
24485573
25569945
25571806
36993755
52252732
52460499
54039620
63402949
71960554
71960690
91218505
115092088
115243303
118395971
128406004
135432427
135777011
137699977
138160584
138624458
141968853
141968860
151742518
154304611
154304615
169076535
169678700
180239835
183076346
206579061
206579062
206579063
206579064
206579070
224769565
224769566
233363038
235101547
245105008
246049141
281046970
283311192
283311193
283317448
306354464
318210380
318210394
323108964
334308447
367355783
387205287
402757417
407167843
407982421
414347793
430351395
437559266
437559270
437559273
437656677
